$ 1 0.000005 0.0129812176855438 50 5 50 5e-11
152 848 48 944 48 0 2 0 5
151 848 112 944 112 0 2 5 5
153 848 176 944 176 0 2 5 5
L 944 288 864 288 2 0 false 5 0
M 864 320 944 320 2 2.5
154 848 240 944 240 0 2 0 5
I 864 352 944 352 0 0.5 5
M -176 16 -160 16 2 2.5
152 -272 16 -176 16 0 2 0 5
150 -368 32 -272 32 0 2 0 5
L -368 16 -384 16 2 0 false 5 0
L -368 48 -384 48 2 0 false 5 0
w -368 16 -368 -16 0
w -368 -16 -304 -16 0
w -304 -16 -272 0 0
L -368 256 -384 256 2 0 false 5 0
L -368 192 -384 192 2 0 false 5 0
w -352 176 -240 176 0
w -352 272 -240 272 0
150 -240 192 -144 192 0 2 0 5
w -256 224 -240 208 0
150 -240 256 -144 256 0 2 0 5
w -256 224 -240 240 0
w -368 256 -352 240 0
w -368 256 -352 272 0
w -368 192 -352 208 0
w -368 192 -352 176 0
150 -128 224 -32 224 0 2 0 5
w -144 192 -128 208 0
w -144 256 -128 240 0
M -32 224 -16 224 2 2.5
152 -352 224 -256 224 0 2 0 5
M -32 384 -16 384 2 2.5
w -144 416 -128 400 0
w -144 352 -128 368 0
w -368 352 -352 336 0
w -368 352 -352 368 0
w -368 416 -352 432 0
w -368 416 -352 400 0
w -256 384 -240 400 0
150 -240 416 -144 416 0 2 0 5
w -256 384 -240 368 0
w -352 432 -240 432 0
w -352 336 -240 336 0
L -368 352 -384 352 2 0 false 5 0
L -368 416 -384 416 2 0 false 5 0
152 -240 352 -144 352 0 2 0 5
150 -352 384 -256 384 0 2 0 5
152 -128 384 -32 384 0 2 0 5
L -336 592 -384 592 2 0 false 5 0
L -336 496 -384 496 2 0 false 5 0
L -336 544 -384 544 2 0 false 5 0
150 -336 576 -240 576 0 2 0 5
w -336 528 -336 544 0
w -336 560 -336 544 0
154 -336 512 -240 512 0 2 0 5
150 848 -16 944 -16 0 2 0 5
152 -224 544 -128 544 0 2 0 5
w -240 512 -224 528 0
w -240 576 -224 560 0
M -128 544 -112 544 2 2.5
I -368 96 -304 96 0 0.5 5
L -368 96 -384 96 2 0 false 5 0
L -304 128 -384 128 2 0 false 5 0
151 -304 112 -208 112 0 2 5 5
M -208 112 -192 112 2 2.5
L 48 80 16 80 2 0 false 5 0
L 64 16 16 16 2 0 false 5 0
I 64 16 144 16 0 0.5 5
I 64 80 144 80 0 0.5 5
w 144 80 144 64 0
w 144 16 144 32 0
w 64 16 64 128 0
w 48 80 64 80 0
w 48 80 48 160 0
w 48 160 112 160 0
150 112 144 208 144 0 2 0 5
w 64 128 112 128 0
w 208 144 240 144 0
w 240 144 240 80 0
150 240 64 336 64 0 2 0 5
M 336 64 352 64 2 2.5
153 144 48 240 48 0 2 0 5
L 448 64 432 64 2 0 false 5 0
L 480 144 432 144 2 0 false 5 0
I 448 48 528 48 0 0.5 5
w 448 64 448 48 0
w 448 64 448 112 0
w 480 144 480 80 0
151 528 64 624 64 0 2 5 5
w 480 80 528 80 0
w 448 112 528 112 0
151 528 128 624 128 0 2 5 5
151 640 96 736 96 0 2 0 5
w 624 64 640 80 0
w 624 128 640 112 0
M 736 96 752 96 2 2.5
I 480 144 528 144 0 0.5 5
L 144 368 80 368 2 0 false 5 0
L 112 336 80 336 2 0 false 5 0
L 224 480 80 480 2 0 false 5 0
150 176 352 272 352 0 2 0 5
w 112 336 112 432 0
w 144 368 144 400 0
w 112 336 176 336 0
w 144 368 176 368 0
152 176 416 288 416 0 2 0 5
w 144 400 176 400 0
w 112 432 176 432 0
w 272 352 272 592 0
150 272 608 368 608 0 2 0 5
150 304 464 384 464 0 2 0 5
w 224 480 304 480 0
w 288 416 288 448 0
w 288 448 288 528 0
w 288 448 304 448 0
w 272 352 384 352 0
152 384 368 496 368 0 2 0 5
w 384 464 384 384 0
152 336 544 416 544 0 2 0 5
w 288 528 336 528 0
w 224 480 224 560 0
w 224 624 272 624 0
w 336 560 224 560 0
w 224 560 224 624 0
I 496 368 496 512 0 0.5 5
150 512 528 608 528 0 2 0 5
w 416 544 512 544 0
w 496 512 512 512 0
w 368 608 624 608 0
152 624 592 720 592 0 2 0 5
w 608 528 608 576 0
w 608 576 624 576 0
M 720 592 736 592 2 2.5
M 496 368 736 368 2 2.5
