$ 1 0.000005 10.20027730826997 50 5 50 5e-11
150 224 144 320 144 0 2 0 5
152 224 256 320 256 0 2 0 5
151 464 144 560 144 0 2 5 5
153 464 256 560 256 0 2 5 5
L 224 128 192 128 2 0 false 5 0
L 224 160 192 160 2 0 false 5 0
L 224 240 192 240 2 0 false 5 0
L 224 272 192 272 2 0 false 5 0
L 464 128 432 128 2 0 false 5 0
L 464 160 432 160 2 0 false 5 0
L 464 240 432 240 2 0 false 5 0
L 464 272 432 272 2 0 false 5 0
M 320 144 352 144 2 2.5
M 320 256 352 256 2 2.5
M 560 144 592 144 2 2.5
M 560 256 592 256 2 2.5
L -32 320 -64 320 2 0 false 5 0
M 64 320 96 320 2 2.5
I -32 320 64 320 0 0.5 5
L 16 208 -64 208 2 0 false 5 0
M 16 208 96 208 2 2.5
154 224 368 320 368 0 2 0 5
L 224 384 192 384 2 0 false 5 0
L 224 352 192 352 2 0 false 5 0
M 320 368 352 368 2 2.5
L 464 352 432 352 2 0 false 5 0
L 464 384 432 384 2 0 false 5 0
154 464 368 544 368 0 2 0 5
I 544 368 576 368 0 0.5 5
M 576 368 592 368 2 2.5
x -29 180 64 183 4 24 BUFFER
x -10 287 41 290 4 24 NOT
x 236 105 288 108 4 24 AND
x 242 215 277 218 4 24 OR
x 234 331 284 334 4 24 XOR
x 454 331 523 334 4 24 XNOR
x 472 219 525 222 4 24 NOR
x 473 108 543 111 4 24 NAND
